"bcsd3_prcp_change1" "bcsd3_temp_change1" "bcsd3_prcp_change2" "bcsd3_temp_change2"
"1" 96.7664382687897 1.85512049187792 95.7247537653135 3.09150680771541
"2" 98.5807170839846 1.81127625677773 100.537634421296 3.18713815120738
"3" 96.962451044529 1.53242608001666 96.2174212013453 2.08862001862899
"4" 100.573187989351 2.00891406150342 103.383546274025 2.42922309058886
"5" 105.76300548132 1.85028161434349 104.158852047359 2.90292401174557
"6" 106.052044491196 1.86455727101371 107.795799213038 2.68563143173272
"7" 104.900436753388 1.55591333779995 111.370853976774 2.4088167732833
"8" 100.344849342278 2.04515067988548 107.340385633834 3.19846363361383
"9" 102.948887022646 2.10142300740224 104.677749926796 3.54983686996734
"10" 103.159487839442 2.0411484177062 109.850606786328 3.4682188692936
"11" 104.10523606408 1.73101362258022 107.517834193817 3.17073973781354
"12" 96.3066378851794 1.52063207352868 100.524110036427 1.80360694741626
"13" 105.380547052847 1.66331911670707 104.551100915085 2.03635363480829
"14" 109.087509957163 1.51384505430289 106.78262311732 1.86438716773426
"15" 99.7324836071206 1.93342620576882 103.148245614413 3.12970453308123
"16" 100.879147664025 1.84090955511243 95.3993559973849 3.79116464404683
"17" 99.6446248569689 1.41274609331685 101.756724273779 2.04200180434058
"18" 100.024952058521 1.19092112778621 100.707952539348 1.93887628691519
"19" 103.485921796962 1.46655838816286 102.762594258358 2.35381866700854
"20" 100.207302500443 0.951239481397756 100.80512215982 1.2638146978162
"21" 102.910935499258 2.08936165740117 101.374235296593 3.16392606235442
"22" 104.42940005798 1.86807254926712 96.2582527380225 3.73224958504712
"23" 108.378150283696 1.2314785233587 108.019711831662 1.85200992885504
"24" 100.255809123202 2.40699238777117 100.19799935815 3.48477515047991
"25" 102.129045475972 2.13774213117701 95.1863205839227 4.0152941135974
"26" 102.422288230461 1.45558514217548 103.727503954002 2.14897773192455
"27" 106.966776138332 1.21619318153947 116.752563347874 2.0848193256478
"28" 114.656124432186 1.47374330153902 120.329269383799 2.18614816212477
"29" 108.154198172127 1.64740824421589 116.701205110575 2.74007006012515
"30" 107.131642440792 0.949624758130483 106.741586727158 1.52822576392024
"31" 94.5161674579329 2.29086188344252 88.7160806015368 2.88456727832011
"32" 92.5068915886949 2.20200718952776 85.6400994629975 3.28039205326252
"33" 91.5153140947677 1.43322490429547 93.1459114284849 2.14218214917349
"34" 91.8158565431752 2.40846878375308 87.5035970379802 3.48069230733788
"35" 90.7673866513519 2.04685223717182 83.0782827614704 3.66210651693844
"36" 90.9103626929019 1.65816007712601 87.8397394491334 2.40504454816316
"37" 86.7796213186651 2.60485796851818 81.1698791740881 4.30479958707943
"38" 89.418872269038 2.92096192164913 81.6749063350577 4.21072311806107
"39" 84.8325522976031 2.66244730735977 80.6143679675031 4.17184836697157
"40" 82.1313059100981 2.51795230468457 74.0018750253569 5.00667746582603
"41" 85.7754427877728 2.4916764707424 76.9230429254912 4.78821680266734
"42" 83.1924129438835 2.25452484570555 70.5583529629565 4.67800048533831
"43" 91.3708679853172 1.97860777430241 91.1073323680969 2.41904284670144
"44" 95.716230447951 1.89350051529394 92.0548436476085 2.92013889773802
"45" 91.3790140240146 1.79746933734766 89.731079453393 2.80517130896679
"46" 101.689356083946 1.95383815838948 109.008938530047 3.15835939597094
"47" 103.600724021328 1.82831951506262 109.53435102193 3.04558299701408
"48" 98.8675636888092 1.92584665395862 104.662872834464 3.1230926010965
"49" 100.018145480506 1.9768525318773 106.201295456128 3.28434287932947
"50" 105.966380480728 1.90763459839507 107.449905656397 3.18951251095759
"51" 98.4270845562667 1.79211529965347 104.003077383299 3.52121788392704
"52" 101.799317262159 1.42627067182197 105.204580146193 2.25499698327381
"53" 101.846705054899 1.59492953365222 105.248739436028 1.93825862573072
"54" 99.9107878468088 1.68966788491699 102.360262157444 2.35908654527004
"55" 111.203279705412 2.01142558037906 117.203741907181 3.08968573845351
"56" 116.492958481137 1.58368413554041 120.613033807064 3.22921576640941
"57" 98.6608108031289 2.31248464419241 106.16543425111 3.35452246489278
"58" 115.436087383388 1.37094022628794 111.596124796193 3.21203038184561
"59" 111.198432976984 1.53182853844068 113.993076517662 3.25931672913161
"60" 104.141271065975 1.88902235045277 105.347719285254 3.44536002438139
"61" 109.760013599421 1.29909063384763 110.0948932799 2.4089748378191
"62" 111.651897320495 1.46394459313446 115.487856516078 2.15052084302145
"63" 100.735629383052 2.02048312467406 102.892941244842 2.74303287686665
"64" 106.029757957568 1.7249741484788 106.744375191749 2.43425002107614
"65" 111.450033864627 1.68895924540141 113.044543281623 2.40567813553334
"66" 106.628433494268 1.10959882953237 111.32789217392 2.10284421288505
"67" 105.843643643186 1.6412204693999 104.294739328579 2.36058881727249
"68" 104.721987402079 1.40151317902036 104.375215824499 2.848633030908
"69" 104.423681545539 1.80413381229171 107.135775203528 2.62578502097459
"70" 101.043265962533 1.3349648371145 104.174950123724 2.42783423591259
"71" 106.357525604151 1.36910353146613 108.075742841634 1.86888210615463
"72" 106.771254863729 1.19355702948265 113.650493563386 1.9392956833622
"73" 105.822940384151 1.0584693144122 103.822683254844 1.55816283128646
"74" 113.392739487879 2.2171051932894 111.64256798484 3.01516095801505
"75" 110.325355018103 1.95644534786734 111.226395988946 2.45425669123236
"76" 108.07770420844 1.68422623805658 108.133335784819 2.53224103992224
"77" 105.816933042691 1.9487386680367 111.423068047218 2.55076508234815
"78" 106.041520075218 2.30959307571541 113.144976966016 3.8188435208209
"79" 107.521414078107 2.09838831189077 105.729413268477 3.5483316423508
"80" 105.529450858714 1.8382061650023 111.809919566734 3.15193606544524
"81" 108.181692616052 1.93166615272749 112.976308004735 1.85093583406686
"82" 105.705775686156 1.48306322955768 111.261740031243 1.7082128983848
"83" 108.902436224474 1.35195360735076 106.856967003069 1.47677185494754
"84" 98.8374561979773 1.22380139049035 105.175416706507 1.81210246675086
"85" 104.358102054239 1.09720405828718 99.7998243964395 1.72048678278448
"86" 98.5830986032424 1.13607714197997 99.1014630049373 1.78802083565418
"87" 106.33711348308 0.886081782287398 107.785289142725 1.66573867502082
"88" 105.470109411626 1.05370086162389 106.225784483439 1.86426598465809
"89" 101.241691847243 0.990244438888876 104.606787136265 1.94367387411865
"90" 103.506917065948 0.86180264732667 98.5655918619335 1.97701185073529
"91" 105.117063106096 0.821956312654955 99.198131750245 1.206111944808
"92" 97.4001395502644 0.682645657881924 100.384690625073 1.21373677126062
"93" 108.559494049347 2.47011381672691 119.334776109419 3.84565339356216
"94" 103.672108654689 2.2189353193137 104.55810237447 4.09201662106427
"95" 104.111084349985 1.9465440682523 107.582408075167 2.7909319860717
